1.		1997 11 04 06 10 05 993     -22.1	243	-1  14 1  33	10e-4  2.1	05 52
2.		1997 11 06 12 10 41 1604	-44.1	262	-1  18 1  63	10e-4  9.4	11 49
3.		1998 04 23 05 55 22 1701	-44.4	116	-1  17 -1  102	10e-4  1.2	05 35
4.		1998 04 27 08 56 06 1482	74.4	79	-1  16 -1  50	10e-4  1.0	08 55
5.		1998 05 02 14 06 12 1168	-28.8	331	-1  15 1  15	10e-4  1.1	13 31
6.		1998 11 24 02 30 05 1810	-12.5	225	-1  28 1  104	10e-4  1.0	02 07
7.		1999 10 14 09 26 05 1449	-21.2	61	1  11 -1  32	10e-4  1.8	08 54
8.		2000 06 06 15 54 05 1348	1.5     47	1  20 -1  18	10e-4  2.3	14 58
9.		2000 06 07 16 30 05 1208	59.8	309	1  23 -1  03	10e-4  1.2	15 34
10.		2000 07 11 13 27 23 1260	-42.9	63	1  18 -1  27	10e-4  1.0	12 12
11.		2000 07 14 10 54 07 2061	-96.1	273	1  22 1  07	10e-4  5.7	10 03
12.		2000 11 24 05 30 05 1611	2.1     313	1  20 1  05	10e-4  2.0	04 55
13.		2000 11 24 15 30 05 1532	-3.3	324	1  22 1  07	10e-4  2.3	14 51
14.		2000 11 24 22 06 05 1222	-0.8	313	1  21 1  14	10e-4  1.8	21 43
15.		2000 11 25 19 31 57 893     -10.8	348	1  20 1  23	10e-4  1.9	18 33
16.		2000 11 26 17 06 05 1094	5.8     274	1  18 1  38	10e-4  4.0	16 34
17.		2001 03 29	10 26 05 1130	3.5     71	1  20 1  19	10e-4  1.7	09 57
18.		2001 04 06 19 30 02 1449	-57.3	147	-1  21 -1  31	10e-4  5.6	19 10
19.		2001 04 10 05 30 00 2940	211.6	166	-1  23 1  09	10e-4  2.3	05 06
20.		2001 04 12 10 31 29 1294	-20.0	221	-1  19 1  43	10e-4  2.0	09 39
21.		2001 08 25 16 50 05 1629	-46.8	119	-1  17 -1  34	10e-4  5.3	16 23
22.		2001 09 24 10 30 59 2875	54.1	142	-1  16 -1  23	10e-4  2.6	09 32
23.		2001 10 19 01 27 17 794     -25.6	284	1  16 1  18	10e-4  1.6	00 47
24.		2001 10 19 16 50 05 1051	-0.7	273	1  15 1  29	10e-4  1.6	16 13
25.		2001 10 25 15 26 05 1319	-1.4	175	-1  16 1  21	10e-4  1.3	14 42
26.		2001 11 04 16 35 06 2286	-63.4	239	1  06 1  18	10e-4  1.0	16 03
27.		2001 12 13 14 54 06 1315	-11.4	37	1  16 -1  09	10e-4  6.2	14 20
28.		2001 12 28 20 30 05 2216	6.9 	115	-1  24 -1  90	10e-4  3.4	20 02
29.		2002 04 21 01 27 20 2396	-1.4	282	-1  14 1  84	10e-4  1.5	00 43
30.		2002 07 15 20 30 05 1453	-25.6	35	1  19 1  01	10e-4  3.0	19 59
31.		2002 07 18 08 06 08 1265	-30.2	354	1  19 1  30	10e-4  1.8	07 24
32.		2002 07 20 22 06 09 1947	0.0     91	-1  13 -1  99	10e-4  3.3	21 04
33.		2002 07 23 00 42 05 2318	0.0     87	-1  13 -1  72	10e-4  4.8	00 18
34.		2002 08 24 01 27 19 1920	43.7	270	-1  02 1  81	10e-4  3.1	00 49
35.		2003 05 27 23 50 05 1222	-9.6	67	-1  07 1  17	10e-4  1.3	22 56
36.		2003 05 28 00 50 05 1701	25.9	292	-1  07 1  20	10e-4  3.6	00 17
37.		2003 05 29 01 27 12 1407	-22.3	260	-1  06 1  37	10e-4  1.2	00 51
38.		2003 06 15 23 54 05 2062	-0.9	84	-1  07 -1  80	10e-4  1.3	23 25
39.		2003 10 28 11 30 05 3128	-105.2	15	-1  16 -1  08	10e-4  17.	11 00
40.		2003 10 29 20 54 05 2628	-146.5	190	-1  15 1  02	10e-4  10.	20 37
41.		2003 11 02 17 30 05 2733	-32.4	265	-1  14 1  56	10e-4  8.3	17 03
42.		2003 11 04 19 54 05 2662	434.8	260	-1  19 1  83	10e-4  28.	19 29
43.		2004 10 30 12 30 06 634     12.4	269	1  13 1  25	10e-4  1.2	11 38
44.		2004 11 07 16 54 05 2218	-19.7	0	1  09 1  17	10e-4  2.0	15 42
45.		2004 11 10 02 26 05 3656	-108.0	302	1  09 1  49	10e-4  2.5	01 59
46.		2005 01 01 00 54 05 1076	-5.5	90	1  03 -1  33	10e-4  1.7	00 01
47.		2005 01 15 23 06 50 3682	-127.4	323	1  15 1  05	10e-4  2.6	22 25
48.		2005 01 17 09 30 05 2580	-118.8	334	1  13 1  19	10e-4  2.2	09 06
49.		2005 01 17 09 54 05 3029	-159.1	309	1  15 1  25	10e-4  3.8	09 42
50.		2005 01 19 08 29 39 2178	-43.8	320	1  15 1  51	10e-4  1.3	08 03
51.		2005 01 20 06 54 05 951     16.0	288	1  14 1  61	10e-4  7.1	06 36
52.		2005 07 14 10 54 05 2115	198.0	296	1  11 1  90	10e-4  1.2	10 16
53.		2005 07 30 06 50 28 2043	-102.6	50	1  12 -1  60	10e-4  1.3	06 17
54.		2005 09 09 19 48 05 2311	-128.6	115	-1  12 -1  67	10e-4  6.2	19 13
55.		2005 09 10 21 52 07 2053	-171.7	120	-1  13 -1  47	10e-4  2.1	21 30
56.		2005 09 13 20 00 05 2445	11.5	149	-1  09 -1  10	10e-4  1.5	19 42
57.		2006 12 06 20 12 05 0.0     0.0     135	-1  05 -1  64	10e-4  6.5	18 29
58.		2006 12 13 02 54 04 2184	-61.4	193	-1  06 1  23	10e-4  3.4	02 14
59.		2006 12 14 22 30 04 1139	-0.4	248	-1  06 1  46	10e-4  1.5	21 07
60.		2011 02 15 02 24 05 960     -18.3	189	-1  20 1  12	10e-4  2.2	01 44
61.		2011 08 09 08 12 06 1640	-40.6	279	1  17 1  69	10e-4  6.9	07 48
62.		2011 09 06 23 05 57 830     1.1     300	1  14 1  18	10e-4  2.1	22 12
63.		2011 09 22 10 48 06 1905	-68.3	72	1  09 -1  89	10e-4  1.4	10 29
64.		2012 01 27 18 27 52 2541	165.9	296	1  27 1  71	10e-4  1.7	17 37
65.		2012 03 05 04 00 05 1627	-24.6	61	1  17 -1  52	10e-4  1.1	03 17
66.		2012 03 07 00 24 06 3146	-88.2	57	1  17 -1  27	10e-4  5.4	00 02
67.		2012 03 07 01 30 24 2160	-160.9	82	1  15 -1  26	10e-4  1.3	01 05
68.		2012 07 06 23 24 06 1907	-56.1	233	-1  13 1  59	10e-4  1.1	23 01
69.		2012 07 12 16 48 05 1405	195.6	158	-1  15 1  01	10e-4  1.4	15 37
70.		2013 05 13 02 00 05 1270	15.9	64	1  11 -1  90	10e-4  1.7	01 53
71.		2013 05 13 16 07 55 1852	-76.6	63	1  11 -1  85	10e-4  2.8	15 48
72.		2013 05 14 01 25 51 2645	-51.0	89	1  08 -1  77	10e-4  3.2	00 00
73.		2013 05 15 01 48 05 1408	-52.1	93	1  12 -1  64	10e-4  1.2	01 25
74.		2013 10 25 08 12 05 599     -13.7	109	-1  08 -1  73	10e-4  1.7	07 53
75.		2013 10 25 15 12 09 1103	-25.2	68	-1  06 -1  69	10e-4  2.1	14 51
76.		2013 10 28 02 24 05 726     -12.1	296	1  04 1  66	10e-4  1.0	01 41
77.		2013 10 29 22 00 06 1001	-29.7	249	1  05 1  89	10e-4  2.3	21 42
78.		2013 11 19 10 36 05 761     -2.0	222	-1  14 1  70	10e-4  1.0	10 14
79.		2014 01 07 18 24 05 2246	-60.8	231	-1  15 1  11	10e-4  1.2	18 04
80.		2014 02 25 01 25 50 2153	-158.1	73	-1  12 -1  82	10e-4  4.9	00 39
81.		2014 03 29 18 12 05 679     -4.1	325	1  11 1  32	10e-4  1.0	17 35
82.		2014 06 10 13 30 23 1473	36.1	156	-1  17 -1  82	10e-4  1.5	12 36
83.		2014 09 10 18 00 05 1652	-51.6	175	1  14 -1  02	10e-4  1.6	17 21
84.		2015 05 05 22 24 05 721     -13.6	41	1  15 -1  79	10e-4  2.7	22 05
85.		2017 09 06 12 24 05 1819	-0.3	201	-1  08 1  33	10e-4  9.3	11 53
86.		2017 09 10 16 00 05 3163	-232.0	262	-1  09 1  92	10e-4  8.2	15 35
87.		2021 10 28 15 48 05 1816	-61.1	191	-1  28 1  01	10e-4  1.0	15 17
88.		2022 03 30 18 00 05 827     -9.3	298	1  13 1  31	10e-4  1.3	17 21
89.		2022 10 02 20 36 05 1160	-50.3	312	1  18 1  50	10e-4  1.0	19 53
90.		2023 02 17 20 12 06 1349	-10.3	45	1  25 -1  64	10e-4  2.2	19 38
91.		2023 03 03 18 12 06 713     -3.6	271	1  22 1  80	10e-4  2.1	17 42
92.		2023 06 20 17 12 05 1126	-30.6	101	-1  17 -1  73	10e-4  1.1	16 42
93.		2023 08 05 22 12 05 1659	-17.2	299	1  11 1  77	10e-4  1.6	21 45
94.		2023 08 07 20 48 05 1864	-0.7	290	1  14 1  103	10e-4  1.5	20 30
95.		2023 12 14 17 12 05 1009	-8.0	291	1  08 1  53	10e-4  2.8	16 47
96.		2023 12 31 22 00 05 2890	-133.5	112	1  04 -1  73	10e-4  5.0	21 36
